14
0.055255
0.705253,-0.648375,0.709651,-0.650332,0.71341,-0.651954,0.717478,-0.653114,
0.013697,6.80411e-005,0.00290996,0.000310032,0.0029811,0.000566598,0.00305802,0.000840802,
6.80411e-005,0.0199613,-2.42511e-005,0.00913946,-5.88474e-005,0.00911099,-8.12004e-005,0.00907387,
0.00290996,-2.42511e-005,0.0138034,0.000221485,0.00312568,0.000484812,0.00324568,0.000767993,
0.000310032,0.00913946,0.000221485,0.020001,0.000205258,0.00924051,0.000205787,0.0092683,
0.0029811,-5.88474e-005,0.00312568,0.000205258,0.0141186,0.000488303,0.0034903,0.000795209,
0.000566598,0.00911099,0.000484812,0.00924051,0.000488303,0.0201691,0.000513058,0.00947096,
0.00305802,-8.12004e-005,0.00324568,0.000205787,0.0034903,0.000513058,0.0145375,0.000846407,
0.000840802,0.00907387,0.000767993,0.0092683,0.000795209,0.00947096,0.000846407,0.0204678,
0.0407437
0.799588,-0.38415,0.806622,-0.376386,0.814484,-0.366008,0.823082,-0.352551,
0.0363258,-0.0128833,0.0269427,-0.0100769,0.0286123,-0.0066796,0.0304828,-0.00255953,
-0.0128833,0.0252211,-0.0136691,0.0125844,-0.0146151,0.0103923,-0.0156902,0.00778413,
0.0269427,-0.0136691,0.0393,-0.0106757,0.0303009,-0.00706623,0.0323017,-0.00270221,
-0.0100769,0.0125844,-0.0106757,0.0219767,-0.0114006,0.00946113,-0.0122278,0.00740202,
0.0286123,-0.0146151,0.0303009,-0.0114006,0.0430706,-0.00753665,0.034432,-0.00287571,
-0.0066796,0.0103923,-0.00706623,0.00946113,-0.00753665,0.0191268,-0.00807571,0.00693961,
0.0304828,-0.0156902,0.0323017,-0.0122278,0.034432,-0.00807571,0.04759,-0.0030768,
-0.00255953,0.00778413,-0.00270221,0.00740202,-0.00287571,0.00693961,-0.0030768,0.0171859,
0.0220408
1.16924,-0.163689,1.19971,-0.12543,1.22899,-0.0848562,1.25879,-0.0431314,
0.0170341,0.00785709,0.00632663,0.00811724,0.00634491,0.00842371,0.00637361,0.00872214,
0.00785709,0.0209621,0.00795557,0.0104511,0.00795618,0.0107997,0.00796228,0.0111465,
0.00632663,0.00795557,0.0172651,0.00822697,0.0064966,0.00854771,0.0065268,0.00886099,
0.00811724,0.0104511,0.00822697,0.0216015,0.00824912,0.0111819,0.00827171,0.0115463,
0.00634491,0.00795618,0.0064966,0.00824912,0.0173749,0.00858307,0.00662892,0.00890907,
0.00842371,0.0107997,0.00854771,0.0111819,0.00858307,0.0224251,0.00862062,0.0120247,
0.00637361,0.00796228,0.0065268,0.00827171,0.00662892,0.00862062,0.0175328,0.0089578,
0.00872214,0.0111465,0.00886099,0.0115463,0.00890907,0.0120247,0.0089578,0.0232892,
0.0208685
1.42494,0.19268,1.45513,0.234828,1.48723,0.2774,1.51871,0.319735,
0.0169028,0.00706448,0.00626211,0.00709157,0.00633295,0.00710877,0.00634252,0.00711471,
0.00706448,0.0209523,0.00694134,0.00995138,0.00680936,0.00977503,0.00657916,0.00961862,
0.00626211,0.00694134,0.0173553,0.00702374,0.0066937,0.00708854,0.00675468,0.00713895,
0.00709157,0.00995138,0.00702374,0.0206281,0.00692453,0.0096957,0.00673394,0.00956347,
0.00633295,0.00680936,0.0066937,0.00692453,0.0177074,0.00701539,0.00701876,0.00709512,
0.00710877,0.00977503,0.00708854,0.0096957,0.00701539,0.0204245,0.00685396,0.00952991,
0.00634252,0.00657916,0.00675468,0.00673394,0.00701876,0.00685396,0.018007,0.00696017,
0.00711471,0.00961862,0.00713895,0.00956347,0.00709512,0.00952991,0.00696017,0.0202915,
0.0218872
1.67656,0.552239,1.70208,0.594332,1.7266,0.635018,1.7482,0.675214,
0.0173455,0.00667211,0.00629913,0.0066397,0.00601461,0.00671073,0.00582993,0.00679185,
0.00667211,0.0239297,0.00613271,0.0130179,0.00566004,0.0128837,0.00519467,0.0127037,
0.00629913,0.00613271,0.0169149,0.0061168,0.00587375,0.00619961,0.00571857,0.00628998,
0.0066397,0.0130179,0.0061168,0.0237523,0.00566098,0.0128415,0.00520339,0.0126766,
0.00601461,0.00566004,0.00587375,0.00566098,0.0164966,0.00575453,0.00557919,0.00585398,
0.00671073,0.0128837,0.00619961,0.0128415,0.00575453,0.0235762,0.00530961,0.0126388,
0.00582993,0.00519467,0.00571857,0.00520339,0.00557919,0.00530961,0.0163262,0.00542404,
0.00679185,0.0127037,0.00628998,0.0126766,0.00585398,0.0126388,0.00542404,0.0233502,
0.0424025
1.83868,1.05791,1.84154,1.07474,1.84329,1.09085,1.84407,1.10526,
0.0156577,-0.00169267,0.00481628,-0.00176264,0.00472535,-0.00186052,0.00459886,-0.00195528,
-0.00169267,0.0386588,-0.00288012,0.0256937,-0.00390512,0.0236534,-0.00477683,0.0219344,
0.00481628,-0.00288012,0.0157861,-0.00279087,0.00507253,-0.00274053,0.00509925,-0.00272164,
-0.00176264,0.0256937,-0.00279087,0.0346102,-0.00366898,0.0220146,-0.00440613,0.0204843,
0.00472535,-0.00390512,0.00507253,-0.00366898,0.0161471,-0.00348245,0.00553013,-0.00335946,
-0.00186052,0.0236534,-0.00274053,0.0220146,-0.00348245,0.0312797,-0.00409322,0.019147,
0.00459886,-0.00477683,0.00509925,-0.00440613,0.00553013,-0.00409322,0.0166819,-0.00387413,
-0.00195528,0.0219344,-0.00272164,0.0204843,-0.00335946,0.019147,-0.00387413,0.0288078,
0.12952
1.93778,1.39743,1.94161,1.39977,1.94377,1.40373,1.9456,1.40678,
0.01741,-0.000758176,0.00690011,-0.000671306,0.00706299,-0.000430745,0.00722395,-0.000256185,
-0.000758176,0.0152958,-0.00106134,0.0043037,-0.00125005,0.00395257,-0.00143987,0.00366536,
0.00690011,-0.00106134,0.0181167,-0.000932668,0.00755833,-0.000612531,0.00779021,-0.000375319,
-0.000671306,0.0043037,-0.000932668,0.014966,-0.00109402,0.00386564,-0.00125623,0.00361134,
0.00706299,-0.00125005,0.00755833,-0.00109402,0.018682,-0.000722816,0.00817722,-0.000443897,
-0.000430745,0.00395257,-0.000612531,0.00386564,-0.000722816,0.0144722,-0.000835063,0.00348753,
0.00722395,-0.00143987,0.00779021,-0.00125623,0.00817722,-0.000835063,0.0193571,-0.000515598,
-0.000256185,0.00366536,-0.000375319,0.00361134,-0.000443897,0.00348753,-0.000515598,0.0141816,
0.0805447
1.7064,1.33827,1.69488,1.33843,1.68218,1.33842,1.67167,1.33946,
0.0198376,-0.00020858,0.00973401,-8.49006e-005,0.0105234,4.61167e-005,0.0111951,0.000105667,
-0.00020858,0.0152395,-0.00090688,0.00424595,-0.00170633,0.0040444,-0.00238978,0.0039241,
0.00973401,-0.00090688,0.0216202,-0.000713754,0.0120299,-0.000509193,0.0130405,-0.000415668,
-8.49006e-005,0.00424595,-0.000713754,0.0149074,-0.00143079,0.0039387,-0.00204676,0.00383162,
0.0105234,-0.00170633,0.0120299,-0.00143079,0.0245452,-0.0011375,0.0151554,-0.00100282,
4.61167e-005,0.0040444,-0.000509193,0.0039387,-0.0011375,0.0146268,-0.00168225,0.00374336,
0.0111951,-0.00238978,0.0130405,-0.00204676,0.0151554,-0.00168225,0.0277249,-0.00151212,
0.000105667,0.0039241,-0.000415668,0.00383162,-0.00100282,0.00374336,-0.00151212,0.0145018,
0.0280205
1.24928,1.4119,1.21932,1.41471,1.18888,1.41506,1.15934,1.41508,
0.028091,-0.00133497,0.0173159,-0.00134274,0.0172903,-0.00125624,0.0172034,-0.00114531,
-0.00133497,0.0137523,-0.00129422,0.00302628,-0.00128385,0.00300172,-0.00127961,0.00294031,
0.0173159,-0.00129422,0.0283567,-0.00128212,0.0177212,-0.00119073,0.0178169,-0.00107946,
-0.00134274,0.00302628,-0.00128212,0.013956,-0.00126378,0.00314503,-0.00124826,0.0030849,
0.0172903,-0.00128385,0.0177212,-0.00126378,0.0288922,-0.00116326,0.018375,-0.0010421,
-0.00125624,0.00300172,-0.00119073,0.00314503,-0.00116326,0.0139826,-0.00114633,0.00315058,
0.0172034,-0.00127961,0.0178169,-0.00124826,0.018375,-0.00114633,0.0296646,-0.00101947,
-0.00114531,0.00294031,-0.00107946,0.0030849,-0.0010421,0.00315058,-0.00101947,0.0139687,
0.208149
0.726806,1.49674,0.72612,1.49939,0.72384,1.50052,0.72152,1.50014,
0.0247262,0.0102481,0.0138116,0.0107989,0.0133567,0.0110575,0.0128842,0.0110317,
0.0102481,0.0222342,0.0102481,0.0119633,0.0099175,0.0122007,0.00956532,0.0121612,
0.0138116,0.0102481,0.0245335,0.0107987,0.0132959,0.0110565,0.0128339,0.0110307,
0.0107989,0.0119633,0.0107987,0.0233635,0.0104421,0.0128311,0.0100615,0.0127939,
0.0133567,0.0099175,0.0132959,0.0104421,0.02371,0.0106882,0.0124811,0.0106632,
0.0110575,0.0122007,0.0110565,0.0128311,0.0106882,0.0239378,0.0102947,0.0131112,
0.0128842,0.00956532,0.0128339,0.0100615,0.0124811,0.0102947,0.0229046,0.0102716,
0.0110317,0.0121612,0.0110307,0.0127939,0.0106632,0.0131112,0.0102716,0.0239152,
0.128256
0.700173,1.40061,0.699177,1.39289,0.696226,1.38519,0.692656,1.37642,
0.0158362,-0.000487486,0.00492472,-0.000928295,0.00466814,-0.00136419,0.0043719,-0.00187769,
-0.000487486,0.0213664,-0.000438955,0.0116484,-7.25003e-005,0.012721,0.000406653,0.0139646,
0.00492472,-0.000438955,0.0156527,-0.0008775,0.0046148,-0.00131168,0.00432968,-0.00182407,
-0.000928295,0.0116484,-0.0008775,0.0237646,-0.000445374,0.0142528,0.000120333,0.01574,
0.00466814,-7.25003e-005,0.0046148,-0.000445374,0.0152367,-0.000813486,0.00419886,-0.00124788,
-0.00136419,0.012721,-0.00131168,0.0142528,-0.000813486,0.0265753,-0.000160742,0.0175134,
0.0043719,0.000406653,0.00432968,0.000120333,0.00419886,-0.000160742,0.0148369,-0.000490701,
-0.00187769,0.0139646,-0.00182407,0.01574,-0.00124788,0.0175134,-0.000490701,0.0303635,
0.121003
0.584306,0.89122,0.583861,0.888504,0.583285,0.886076,0.582159,0.88449,
0.0119051,-0.000178776,0.00108528,-0.000233522,0.00106692,-0.000297908,0.0010757,-0.000393152,
-0.000178776,0.0144332,-0.000222612,0.00351035,-0.000273766,0.00341029,-0.000344356,0.00336174,
0.00108528,-0.000222612,0.0118904,-0.0002704,0.00107886,-0.000330019,0.00108858,-0.000424354,
-0.000233522,0.00351035,-0.0002704,0.0142367,-0.000316982,0.00336623,-0.000384838,0.00333794,
0.00106692,-0.000273766,0.00107886,-0.000316982,0.0118925,-0.000370061,0.00111005,-0.000461114,
-0.000297908,0.00341029,-0.000330019,0.00336623,-0.000370061,0.0141433,-0.00043429,0.0033432,
0.0010757,-0.000344356,0.00108858,-0.000384838,0.00111005,-0.00043429,0.0119563,-0.000523248,
-0.000393152,0.00336174,-0.000424354,0.00333794,-0.000461114,0.0033432,-0.000523248,0.0141933,
0.0463194
0.64345,0.516791,0.646131,0.507498,0.649306,0.499313,0.652366,0.491829,
0.0121677,-0.0017704,0.00129648,-0.00168917,0.00119517,-0.00165434,0.00109481,-0.00165259,
-0.0017704,0.0201614,-0.00168203,0.00904651,-0.00156161,0.0088071,-0.0014278,0.00864096,
0.00129648,-0.00168203,0.0120693,-0.00159792,0.00119554,-0.00155114,0.00111144,-0.00153337,
-0.00168917,0.00904651,-0.00159792,0.0195937,-0.00147843,0.00859449,-0.00134855,0.008457,
0.00119517,-0.00156161,0.00119554,-0.00147843,0.0119772,-0.00141696,0.00112684,-0.00137643,
-0.00165434,0.0088071,-0.00155114,0.00859449,-0.00141696,0.0192602,-0.00127626,0.0083699,
0.00109481,-0.0014278,0.00111144,-0.00134855,0.00112684,-0.00127626,0.0119309,-0.00121376,
-0.00165259,0.00864096,-0.00153337,0.008457,-0.00137643,0.0083699,-0.00121376,0.0191524,
0.0549892
0.677269,0.0783586,0.678216,0.0667479,0.678044,0.0554204,0.679245,0.0451371,
0.01146,-0.00123516,0.000635294,-0.00116515,0.000625532,-0.00110923,0.000585328,-0.00107914,
-0.00123516,0.031309,-0.00118978,0.020082,-0.00128343,0.0196982,-0.001203,0.0194588,
0.000635294,-0.00118978,0.0114468,-0.00111986,0.000648275,-0.0010642,0.000610752,-0.00103665,
-0.00116515,0.020082,-0.00111986,0.030529,-0.00120864,0.0193984,-0.00113761,0.0191951,
0.000625532,-0.00128343,0.000648275,-0.00120864,0.0114885,-0.00114412,0.00066178,-0.00111317,
-0.00110923,0.0196982,-0.0010642,0.0193984,-0.00114412,0.0299368,-0.00107987,0.0189769,
0.000585328,-0.001203,0.000610752,-0.00113761,0.00066178,-0.00107987,0.0114719,-0.00104749,
-0.00107914,0.0194588,-0.00103665,0.0191951,-0.00111317,0.0189769,-0.00104749,0.0296762,
